1 100 265.760 -231.140
2 100 290.480 -261.520
3 100 257.120 -133.350
4 100 753.460 -261.140
5 100 700.010 -169.050
6 100 415.630 -252.450
7 100 328.650 -356.790
8 100 991.430 -482.350
9 100 915.060 -442.770
10 100 955.850 -499.680
11 100 607.180 -773.680
12 100 715.720 -822.110
13 100 654.580 -896.760
14 100 413.970 -351.960
15 100 467.750 -420.420
16 100 552.160 -366.040
17 100 568.960 -477.250
18 100 801.010 -415.130
19 100 1336.080 -88.940
20 100 1345.420 -131.940
21 100 1391.830 -178.390
22 100 1624.130 -91.230
23 100 1663.130 -207.390
24 100 1629.360 -266.320
25 100 1688.220 -347.700
26 100 1948.390 -383.900
27 100 1992.070 -387.070
28 100 1887.010 -464.920
29 100 2038.940 -331.890
30 100 1757.080 -390.640
31 100 1771.460 -485.880
32 100 1796.810 -413.410
33 100 1539.520 -479.330
34 100 1499.820 -548.990
35 100 1557.050 -568.400
36 100 1586.020 -409.930
37 100 1632.320 -434.430
38 100 1428.110 -471.100
39 100 1482.140 -470.860
40 100 1670.620 -508.020
41 100 1697.070 -580.400
42 100 1523.490 -627.900
43 100 1441.070 -640.680
44 100 1390.230 -596.300
45 100 1589.950 -659.960
46 100 1312.490 -574.610
47 100 1365.100 -688.000
48 100 1192.290 -544.070
49 100 1712.350 -643.150
50 100 1409.330 -758.040
51 100 1637.700 -727.530
52 100 1317.210 -781.900
53 100 1581.910 -808.150
54 100 1470.550 -766.240
55 100 1530.600 -866.900
56 100 1666.570 -890.770
57 100 1317.300 -843.580
58 100 1218.890 -811.850
59 100 1488.380 -980.080
60 100 1477.340 -192.120
61 100 1426.210 -239.000
62 100 1293.300 -322.800
63 100 1363.110 -403.270
64 100 1157.740 -455.550
65 100 1205.620 -465.660
66 100 1937.920 -706.160
67 100 1878.810 -734.350
68 100 1199.420 -737.230
69 100 1871.400 -940.940
70 100 1878.600 -986.600
71 100 1934.780 -1004.240
72 100 1445.730 -1096.400
73 100 1529.500 -2094.650
74 100 1442.690 -2094.050
75 100 1615.820 -2103.530
76 100 1436.230 -2146.670
77 100 1499.470 -2171.150
78 100 1463.070 -2176.800
79 100 1372.010 -2129.340
80 100 1593.350 -2214.260
81 100 1405.910 -2221.460
82 100 1423.250 -2249.840
83 100 1537.450 -2242.630
84 100 1453.700 -2280.510
85 100 1607.480 -2260.490
86 100 1581.930 -2380.090
87 100 1112.780 -2285.490
88 100 1162.710 -2389.230
89 100 1470.280 -2383.850
90 100 1515.960 -2411.800
91 100 1559.260 -2459.140
92 100 1621.070 -2471.190
93 100 1371.120 -2443.110
94 100 1454.010 -2474.160
95 100 1192.220 -2437.320
96 100 1258.760 -2324.400
97 100 1262.250 -2509.610
98 100 1217.750 -2514.410
99 100 1146.670 -2542.080
100 100 1028.320 -2439.040
101 100 1064.010 -2504.910
102 100 1560.490 -2536.930
103 100 1621.890 -2539.520
104 100 1588.370 -2547.750
105 100 1495.980 -2565.040
106 100 1165.900 -2594.750
107 100 1202.690 -2627.620
108 100 1744.920 -2568.420
109 100 1509.570 -2654.440
110 100 1294.360 -2645.190
111 100 1164.030 -2723.990
112 100 1659.340 -2703.620
113 100 1581.840 -2782.250
114 100 1759.940 -2769.010
115 100 1539.850 -2816.160
116 100 1592.910 -2822.890
117 100 1637.750 -2834.290
118 100 1543.310 -2883.140
119 100 1603.560 -2901.350
120 100 1495.500 -2808.840
121 100 1466.800 -2893.140
122 100 1374.770 -2876.860
123 100 1437.940 -2953.210
124 100 1352.010 -2982.010
125 100 1515.210 -2944.040
126 100 1566.800 -3000.200
127 100 1326.680 -3082.670
128 100 1464.650 -2705.910
129 100 2479.470 -2091.320
130 100 2548.710 -2096.100
131 100 2604.620 -2113.660
132 100 2420.610 -2113.410
133 100 2449.470 -2160.480
134 100 2545.510 -2192.690
135 100 2438.930 -2206.390
136 100 2560.400 -2007.100
137 100 2648.780 -2121.260
138 100 2618.010 -1999.750
139 100 2692.390 -2120.570
140 100 2327.420 -2119.960
141 100 2665.370 -2227.390
142 100 2616.310 -2243.100
143 100 2744.930 -2200.670
144 100 2795.440 -2100.650
145 100 2371.330 -2235.550
146 100 2223.900 -2183.660
147 100 2422.630 -2247.180
148 100 2581.290 -2239.830
149 100 2522.730 -2274.250
150 100 2632.700 -2279.130
151 100 2697.730 -2324.130
152 100 2653.810 -2350.480
153 100 2294.740 -2259.150
154 100 2339.090 -2275.960
155 100 2574.970 -2326.420
156 100 2527.700 -2333.560
157 100 2577.180 -2358.410
158 100 2378.280 -2371.580
159 100 2665.220 -2418.410
160 100 2812.450 -2282.430
161 100 2777.850 -2292.640
162 100 2743.690 -2341.360
163 100 2584.140 -2407.060
164 100 2701.970 -2463.900
165 100 2667.600 -2458.850
166 100 2536.700 -2462.480
167 100 2615.390 -2474.430
168 100 2571.700 -2472.080
169 100 2419.030 -2432.210
170 100 2367.190 -2453.920
171 100 2450.350 -2456.960
172 100 2648.760 -2516.430
173 100 2701.650 -2527.070
174 100 2773.780 -2430.660
175 100 2116.320 -2454.830
176 100 2104.080 -2495.980
177 100 2180.790 -2367.950
178 100 2084.320 -2393.740
179 100 2017.170 -2449.550
180 100 2166.460 -2505.120
181 100 2184.400 -2537.620
182 100 2292.650 -2477.340
183 100 2328.960 -2573.270
184 100 2462.370 -2553.480
185 100 2655.010 -2579.570
186 100 2816.290 -2495.000
187 100 2606.640 -2560.040
188 100 2560.990 -2538.420
189 100 2551.030 -2595.330
190 100 2284.260 -2567.270
191 100 2208.980 -2572.070
192 100 2089.350 -2616.680
193 100 2461.400 -2606.930
194 100 2593.630 -2632.920
195 100 2386.640 -2595.280
196 100 2488.320 -2657.750
197 100 2594.400 -2683.180
198 100 1828.430 -2514.850
199 100 2280.020 -2625.640
200 100 2379.750 -2687.220
201 100 2666.740 -2691.820
202 100 2431.920 -2697.330
203 100 2526.960 -2691.690
204 100 2575.990 -2715.080
205 100 2250.410 -2733.680
206 100 1894.240 -2653.890
207 100 1846.760 -2700.070
208 100 1996.450 -2706.030
209 100 1902.020 -2720.650
210 100 1919.950 -2548.840
211 100 1960.170 -2569.490
212 100 2488.180 -2739.200
213 100 2427.280 -2751.450
214 100 2625.180 -2768.370
215 100 2583.570 -2775.430
216 100 2351.200 -2734.420
217 100 2290.410 -2767.570
218 100 2333.930 -2784.450
219 100 2384.560 -2797.310
220 100 2541.170 -2813.400
221 100 1862.000 -2797.610
222 100 1803.310 -2815.520
223 100 2038.720 -2751.860
224 100 1949.850 -2817.020
225 100 1870.120 -2842.770
226 100 2133.970 -2744.090
227 100 2159.010 -2806.580
228 100 2217.810 -2826.670
229 100 2258.890 -2830.420
230 100 2589.480 -2885.050
231 100 2364.870 -2863.220
232 100 2316.920 -2905.830
233 100 2398.890 -2908.680
234 100 1837.730 -2921.110
235 100 2078.290 -2883.400
236 100 1953.300 -2924.210
237 100 2246.070 -2947.830
238 100 2020.200 -2937.000
239 100 2105.650 -2948.390
240 100 2687.990 -2919.900
241 100 2544.550 -2999.540
242 100 2652.090 -2999.660
243 100 1921.280 -2967.780
244 100 1871.800 -2981.150
245 100 1824.910 -3010.610
246 100 1970.860 -2999.630
247 100 1821.390 -3079.630
248 100 1918.350 -3096.100
249 100 2704.720 -3115.520
250 100 2629.920 -3118.730
251 100 2664.170 -3120.990
252 100 1940.110 -2066.250
253 100 1854.600 -2105.270
254 100 1920.530 -2120.440
255 100 2018.250 -2138.820
256 100 1982.860 -1948.360
257 100 1879.100 -1961.950
258 100 2088.200 -2084.750
259 100 2196.260 -2119.280
260 100 2082.100 -2138.990
261 100 2064.790 -2197.500
262 100 1744.710 -2163.050
263 100 1886.300 -2184.100
264 100 1812.630 -2197.520
265 100 2099.430 -2254.480
266 100 1778.100 -2208.690
267 100 1824.690 -2261.520
268 100 1950.580 -2278.710
269 100 1839.820 -2320.070
270 100 1787.160 -2335.130
271 100 1896.830 -2405.750
272 100 1767.570 -2433.800
273 100 1814.420 -2458.250
274 100 1975.480 -2412.730
275 100 1965.070 -2484.890
276 100 1929.180 -2508.220
277 100 3396.130 -2036.920
278 100 3330.780 -2124.960
279 100 3413.450 -1912.780
280 100 3347.530 -1931.800
281 100 3457.560 -1976.430
282 100 3505.440 -1985.280
283 100 2889.140 -2065.550
284 100 2828.570 -2149.980
285 100 2830.840 -1989.420
286 100 3239.560 -2093.710
287 100 3213.230 -2135.060
288 100 3140.350 -2152.920
289 100 2857.790 -2207.150
290 100 3309.630 -2210.320
291 100 3236.530 -2238.540
292 100 3015.320 -2146.830
293 100 2999.970 -2195.150
294 100 3117.470 -2257.490
295 100 3153.900 -2263.980
296 100 2819.770 -2235.590
297 100 3072.670 -2265.280
298 100 2844.400 -2330.150
299 100 3067.520 -2349.200
300 100 3145.800 -2331.190
301 100 2974.870 -2337.270
302 100 2838.440 -2388.840
303 100 2844.230 -2453.680
304 100 2942.630 -2418.660
305 100 3146.330 -2437.440
306 100 3364.690 -2355.740
307 100 3425.090 -2278.060
308 100 3434.160 -2367.830
309 100 3262.180 -2369.390
310 100 3339.980 -2441.730
311 100 3539.370 -2390.240
312 100 3563.600 -2457.140
313 100 3587.360 -2507.680
314 100 3531.880 -2314.580
315 100 3615.670 -2401.990
316 100 3482.750 -2436.640
317 100 3216.210 -2395.550
318 100 3176.720 -2455.080
319 100 3247.670 -2531.200
320 100 3669.040 -2501.450
321 100 3668.290 -2403.320
322 100 3416.850 -2500.010
323 100 3322.270 -2566.730
324 100 3443.460 -2607.680
325 100 3756.740 -2470.580
326 100 3221.650 -2613.430
327 100 3350.170 -2666.450
328 100 2975.020 -2604.780
329 100 3019.720 -2618.580
330 100 2922.800 -2629.930
331 100 2907.980 -2658.690
332 100 2975.770 -2664.430
333 100 3555.860 -2661.550
334 100 3511.990 -2703.640
335 100 3181.900 -2641.650
336 100 3232.320 -2689.030
337 100 3072.460 -2714.710
338 100 3006.460 -2735.770
339 100 3150.560 -2738.690
340 100 3300.540 -2732.070
341 100 2808.680 -2694.570
342 100 2872.560 -2768.320
343 100 3591.380 -2744.600
344 100 3182.600 -2805.980
345 100 2774.130 -2766.840
346 100 3560.990 -2820.850
347 100 3110.410 -2787.720
348 100 3038.540 -2804.170
349 100 3062.870 -2829.780
350 100 3125.750 -2855.830
351 100 2951.720 -2805.890
352 100 3621.890 -2860.050
353 100 2878.130 -2816.460
354 100 3110.650 -2895.700
355 100 3256.480 -2895.500
356 100 2959.780 -2866.800
357 100 3011.670 -2891.310
358 100 3077.670 -2920.390
359 100 2834.650 -2902.140
360 100 2878.870 -2918.160
361 100 3457.360 -2870.590
362 100 3572.810 -2921.860
363 100 3537.130 -2058.680
364 100 3629.710 -2080.850
365 100 3567.420 -2121.810
366 100 3535.280 -2153.010
367 100 3666.000 -2167.930
368 100 3626.210 -2195.040
369 100 3486.830 -2207.990
370 100 3584.370 -2238.110
371 100 3383.720 -2225.420
372 100 3654.720 -2250.620
373 100 3616.120 -2282.840
374 100 3698.680 -2298.570
375 100 3733.030 -2307.850
376 100 3784.260 -2411.540
377 100 4128.370 -1999.030
378 100 4077.920 -2035.510
379 100 4106.660 -2091.950
380 100 4052.470 -1917.140
381 100 4012.840 -2055.340
382 100 3955.610 -2064.010
383 100 4126.290 -2146.750
384 100 3970.850 -2142.730
385 100 4597.400 -2120.560
386 100 4509.650 -2124.010
387 100 4648.920 -2054.780
388 100 4290.850 -2123.510
389 100 4325.180 -2246.040
390 100 4508.050 -2231.500
391 100 4468.030 -2070.100
392 100 4415.750 -2067.630
393 100 3882.160 -2175.940
394 100 3910.830 -2215.190
395 100 4026.040 -2211.620
396 100 3866.980 -2237.730
397 100 3825.260 -2234.400
398 100 3988.540 -2293.400
399 100 3913.880 -2326.170
400 100 4493.800 -2306.800
401 100 4422.670 -2318.160
402 100 4585.770 -2313.190
403 100 4438.840 -2413.330
404 100 4295.570 -2323.240
405 100 4543.800 -2432.530
406 100 4619.360 -2432.500
407 100 4627.460 -2312.750
408 100 4383.810 -2488.210
409 100 4564.700 -2480.200
410 100 3807.770 -2442.780
411 100 3833.870 -2492.300
412 100 3815.600 -2561.530
413 100 4256.720 -2474.290
414 100 4176.650 -2477.480
415 100 4191.810 -2511.120
416 100 4317.650 -2506.270
417 100 4274.100 -2530.120
418 100 4203.510 -2566.150
419 100 4280.570 -2576.770
420 100 4240.440 -2399.440
421 100 4313.520 -2450.240
422 100 4122.050 -2543.440
423 100 4155.390 -2377.120
424 100 4100.140 -2428.500
425 100 4590.390 -2570.120
426 100 4216.350 -2630.690
427 100 4327.660 -2615.150
428 100 4062.200 -2620.430
429 100 4159.530 -2665.880
430 100 4239.940 -2676.000
431 100 4535.530 -2619.650
432 100 4501.710 -2637.030
433 100 4604.500 -2666.600
434 100 4358.970 -2695.610
435 100 4398.940 -2702.320
436 100 4293.510 -2731.900
437 100 3993.680 -2612.930
438 100 4023.480 -2660.330
439 100 4001.930 -2701.400
440 100 3944.470 -2599.530
441 100 4464.880 -2639.790
442 100 4544.860 -2692.440
443 100 4480.060 -2698.190
444 100 3747.940 -2663.050
445 100 3815.420 -2752.890
446 100 3743.220 -2754.920
447 100 3793.170 -2599.800
448 100 3845.190 -2635.290
449 100 4560.810 -2769.390
450 100 4464.900 -2789.280
451 100 4603.690 -2798.580
452 100 4416.260 -2763.120
453 100 3903.480 -2714.590
454 100 4075.460 -2788.530
455 100 4240.900 -2837.150
456 100 3888.680 -2805.550
457 100 3759.340 -2833.500
458 100 4414.620 -2832.860
459 100 4377.490 -2857.160
460 100 4335.690 -2861.400
461 100 4463.630 -2869.580
462 100 4548.760 -2846.520
463 100 4507.630 -2878.460
464 100 4294.000 -2900.910
465 100 4235.750 -2246.890
466 100 4081.160 -2334.430
467 100 4005.120 -2373.070
468 100 4739.150 -2258.410
469 100 3928.760 -2437.890
470 100 4138.660 -2335.640
471 100 4083.120 -2387.340
472 100 4013.230 -2424.320
473 100 3973.810 -2472.600
474 100 3894.460 -2521.070
475 100 4153.260 -2813.170
476 100 5145.780 -2386.330
477 100 5186.320 -2280.540
478 100 5206.320 -2415.560
479 100 5153.300 -2502.350
480 100 4780.930 -2653.750
481 100 4805.340 -2771.860
482 100 5116.810 -2688.440
483 100 5144.340 -2711.540
484 100 5180.260 -2728.920
485 100 5072.110 -2744.870
486 100 5078.860 -2790.520
487 100 5159.380 -2792.040
488 100 5201.790 -2602.220
489 100 5238.010 -2812.190
490 100 5264.830 -2643.570
491 100 5009.250 -2801.070
492 100 4867.230 -2755.400
493 100 4886.470 -2798.860
494 100 4765.930 -2809.190
495 100 4940.320 -2887.580
496 100 4789.550 -2898.980
497 100 5321.300 -2734.560
498 100 4803.450 -2972.540
499 100 4751.460 -2999.450
500 100 5391.200 -2926.590
501 100 5364.750 -2961.690
502 100 5442.950 -2992.090
503 100 5414.310 -3068.630
504 100 4925.700 -2998.690
505 100 4787.130 -3036.870
506 100 4864.610 -3038.960
507 100 5012.900 -2973.420
508 100 5123.820 -2978.260
509 100 5026.740 -3013.160
510 100 4951.690 -3034.060
511 100 5146.570 -3025.560
512 100 5172.500 -3074.830
513 100 5524.140 -3064.930
514 100 5524.330 -2971.570
515 100 4747.540 -3148.560
516 100 5580.310 -3036.450
517 100 5086.820 -2126.540
518 100 5135.340 -2178.080
519 100 5050.610 -2226.180
520 100 5009.730 -2033.620
521 100 5437.320 -2143.570
522 100 5522.320 -2162.530
523 100 5344.320 -2197.580
524 100 4887.890 -2145.590
525 100 4817.310 -2179.690
526 100 4963.100 -2189.900
527 100 4902.160 -2214.630
528 100 4976.980 -2236.300
529 100 4926.600 -2248.660
530 100 4925.610 -2028.670
531 100 4973.130 -2060.090
532 100 4778.890 -2271.440
533 100 4856.270 -2297.040
534 100 5020.910 -2259.900
535 100 4947.740 -2300.550
536 100 5390.830 -2315.050
537 100 4998.400 -2316.290
538 100 4943.810 -2391.060
539 100 5482.420 -2359.870
540 100 5325.340 -2375.040
541 100 4955.910 -2464.170
542 100 5250.310 -2488.060
543 100 5619.310 -2451.560
544 100 5634.300 -2523.550
545 100 5004.560 -2515.860
546 100 5040.370 -2534.540
547 100 5269.030 -2533.050
548 100 5282.820 -2575.580
549 100 5477.800 -2518.060
550 100 5394.320 -2586.560
551 100 5316.330 -2654.560
552 100 5589.340 -2890.570
553 100 1913.290 -3151.100
554 100 1969.720 -3262.200
555 100 2039.580 -3237.290
556 100 1989.180 -3298.950
557 100 2139.170 -3283.130
558 100 1965.750 -3399.370
559 100 1963.280 -3523.620
560 100 1963.930 -3582.890
561 100 1882.390 -3613.270
562 100 1987.110 -3724.640
563 100 1955.200 -3825.960
564 100 1962.290 -3906.930
565 100 1403.740 -3127.410
566 100 1335.140 -3159.630
567 100 1455.130 -3100.180
568 100 1649.780 -3104.230
569 100 1679.210 -3158.590
570 100 1374.890 -3204.280
571 100 1702.540 -3237.460
572 100 1744.630 -3312.510
573 100 1846.440 -3339.780
574 100 1746.930 -3398.700
575 100 1344.460 -3451.130
576 100 1457.010 -3447.700
577 100 1417.020 -3502.780
578 100 1567.920 -3519.760
579 100 1507.420 -3612.260
580 100 1733.020 -3946.960
581 100 1774.960 -4008.380
582 100 3023.180 -3074.780
583 100 2978.750 -3122.850
584 100 3050.090 -3154.210
585 100 2899.510 -3110.850
586 100 2826.980 -3122.210
587 100 2905.090 -3161.480
588 100 2858.750 -3220.260
589 100 2932.190 -3231.500
590 100 2660.270 -3222.000
591 100 3016.620 -3223.900
592 100 2968.590 -3225.680
593 100 2812.250 -3209.330
594 100 2817.810 -3253.470
595 100 2475.860 -3187.560
596 100 2428.930 -3252.270
597 100 2215.340 -3203.040
598 100 2314.080 -3195.570
599 100 2701.700 -3255.730
600 100 2835.680 -3281.580
601 100 2867.550 -3283.840
602 100 2589.860 -3272.800
603 100 2636.390 -3298.000
604 100 2660.820 -3347.270
605 100 2413.870 -3324.210
606 100 2507.330 -3335.930
607 100 2463.990 -3369.090
608 100 2771.110 -3365.040
609 100 2548.480 -3344.160
610 100 2888.450 -3395.690
611 100 2247.030 -3343.880
612 100 2673.390 -3394.260
613 100 2496.340 -3423.130
614 100 2197.010 -3401.110
615 100 2267.340 -3464.970
616 100 2728.060 -3399.700
617 100 2761.030 -3466.120
618 100 2680.190 -3492.700
619 100 2927.000 -3463.230
620 100 2973.070 -3475.990
621 100 2169.840 -3497.260
622 100 2138.850 -3511.870
623 100 2928.240 -3518.470
624 100 2997.350 -3536.510
625 100 2875.100 -3539.930
626 100 2368.610 -3514.570
627 100 2297.470 -3514.080
628 100 2731.670 -3547.360
629 100 3019.250 -3582.620
630 100 2925.020 -3592.370
631 100 2116.270 -3581.880
632 100 2224.380 -3597.840
633 100 2708.090 -3605.790
634 100 2393.730 -3602.430
635 100 2830.910 -3581.570
636 100 2114.720 -3645.420
637 100 2561.110 -3575.190
638 100 2461.640 -3614.520
639 100 2540.380 -3638.550
640 100 2567.540 -3698.850
641 100 2858.750 -3688.010
642 100 2698.280 -3705.570
643 100 2400.150 -3680.540
644 100 2516.490 -3719.770
645 100 2619.570 -3725.300
646 100 2326.640 -3719.070
647 100 2297.870 -3749.080
648 100 2388.910 -3786.120
649 100 2502.710 -3829.170
650 100 2238.700 -3730.200
651 100 2328.390 -3809.730
652 100 2204.210 -3813.490
653 100 2716.390 -3762.630
654 100 2745.580 -3821.540
655 100 2762.830 -3728.880
656 100 2825.640 -3764.060
657 100 2797.100 -3803.460
658 100 2830.940 -3815.810
659 100 2656.050 -3837.620
660 100 2919.730 -3783.300
661 100 2916.660 -3886.770
662 100 3023.520 -3721.560
663 100 2992.210 -3788.340
664 100 2884.980 -3843.580
665 100 2993.480 -3882.560
666 100 2412.120 -3856.120
667 100 2354.220 -3876.930
668 100 2331.790 -3931.310
669 100 2198.160 -3933.860
670 100 2740.320 -3924.470
671 100 2813.990 -3915.680
672 100 2600.030 -3875.600
673 100 2465.090 -3905.570
674 100 2587.960 -3921.100
675 100 2298.630 -3985.870
676 100 2873.020 -3913.720
677 100 2885.930 -3966.980
678 100 2988.730 -3974.910
679 100 2379.930 -4016.080
680 100 3043.090 -3993.470
681 100 3118.890 -3953.470
682 100 3243.570 -3232.620
683 100 3194.390 -3268.860
684 100 3306.410 -3275.490
685 100 3260.010 -3298.970
686 100 3349.680 -3180.840
687 100 3188.440 -3394.810
688 100 3804.190 -3295.530
689 100 3681.320 -3309.550
690 100 3768.750 -3404.170
691 100 3702.940 -3250.450
692 100 3877.590 -3262.180
693 100 3764.550 -3346.360
694 100 3858.410 -3359.950
695 100 3801.450 -3383.930
696 100 3558.640 -3289.990
697 100 3623.240 -3306.110
698 100 3131.470 -3439.220
699 100 3535.360 -3404.780
700 100 3495.450 -3478.760
701 100 3459.680 -3385.790
702 100 3737.150 -3430.680
703 100 3750.900 -3464.820
704 100 3392.620 -3407.810
705 100 3294.720 -3481.560
706 100 3433.520 -3502.150
707 100 3425.880 -3338.530
708 100 3703.640 -3526.680
709 100 3803.820 -3543.170
710 100 3915.900 -3473.100
711 100 3873.330 -3553.670
712 100 4010.430 -3438.780
713 100 3985.000 -3470.680
714 100 3569.140 -3542.960
715 100 3508.820 -3569.880
716 100 3313.240 -3527.750
717 100 3236.500 -3550.720
718 100 3314.470 -3583.970
719 100 3383.420 -3606.030
720 100 3211.830 -3602.070
721 100 3845.720 -3639.910
722 100 3592.490 -3637.320
723 100 3920.640 -3652.600
724 100 3480.750 -3681.180
725 100 3359.670 -3671.860
726 100 3283.170 -3683.160
727 100 4011.990 -3598.540
728 100 4005.640 -3638.540
729 100 3184.690 -3674.620
730 100 3896.000 -3708.220
731 100 3781.850 -3747.930
732 100 3856.240 -3752.930
733 100 4013.240 -3742.680
734 100 3552.550 -3690.210
735 100 3625.860 -3738.210
736 100 3551.660 -3744.360
737 100 3339.830 -3739.970
738 100 3421.250 -3786.860
739 100 3651.980 -3762.450
740 100 3581.710 -3777.490
741 100 3862.040 -3797.010
742 100 3993.400 -3796.240
743 100 3386.740 -3845.250
744 100 3463.540 -3821.860
745 100 3728.310 -3825.430
746 100 3805.980 -3835.460
747 100 3939.590 -3859.350
748 100 3201.180 -3802.820
749 100 3214.090 -3881.460
750 100 3458.730 -3927.140
751 100 3753.100 -3885.430
752 100 3785.630 -3910.430
753 100 3711.370 -3937.870
754 100 3828.660 -3921.890
755 100 4020.000 -3923.710
756 100 3156.650 -3935.340
757 100 3254.370 -3934.740
758 100 4031.380 -4021.980
759 100 4100.230 -4015.540
760 100 3556.600 -3956.650
761 100 3389.220 -4016.510
762 100 3289.470 -3991.050
763 100 3616.810 -3938.610
764 100 3640.280 -3998.380
765 100 3663.480 -3104.270
766 100 3770.780 -3103.490
767 100 3719.770 -3115.850
768 100 3611.020 -3188.280
769 100 3424.660 -3103.570
770 100 3382.460 -3127.420
771 100 3471.840 -3127.790
772 100 3519.670 -3175.630
773 100 3842.040 -3112.380
774 100 3558.680 -3181.650
775 100 3468.370 -3245.970
776 100 3961.560 -3168.120
777 100 3974.410 -3210.070
778 100 4045.400 -3236.550
779 100 3932.730 -3282.520
780 100 4114.330 -3156.810
781 100 4153.190 -3260.970
782 100 4114.290 -3465.930
783 100 4269.710 -3101.590
784 100 4158.810 -3126.130
785 100 4279.450 -3146.090
786 100 4344.400 -3190.760
787 100 4287.130 -3197.900
788 100 4468.930 -3107.460
789 100 4574.120 -3116.220
790 100 4518.970 -3130.960
791 100 4421.590 -3169.060
792 100 4556.330 -3199.000
793 100 4502.320 -3207.550
794 100 4173.760 -3215.340
795 100 4453.640 -3239.750
796 100 4477.140 -3277.130
797 100 4843.670 -3169.340
798 100 4790.990 -3241.420
799 100 4774.030 -3182.870
800 100 4943.130 -3241.450
801 100 4678.670 -3203.570
802 100 4622.340 -3307.530
803 100 4677.890 -3292.080
804 100 4727.180 -3247.080
805 100 4190.750 -3304.920
806 100 4443.190 -3363.140
807 100 4646.340 -3356.620
808 100 4608.270 -3367.580
809 100 4660.750 -3388.000
810 100 4530.540 -3373.720
811 100 4309.010 -3348.020
812 100 4263.750 -3360.450
813 100 4234.020 -3394.100
814 100 4386.860 -3399.810
815 100 4346.230 -3439.610
816 100 4256.780 -3461.000
817 100 4697.830 -3460.620
818 100 4192.730 -3453.660
819 100 4468.240 -3397.100
820 100 4491.150 -3441.070
821 100 4787.890 -3383.750
822 100 4838.360 -3468.070
823 100 4887.610 -3442.010
824 100 4646.160 -3497.810
825 100 4271.870 -3507.080
826 100 4389.030 -3512.320
827 100 4579.660 -3515.470
828 100 4444.150 -3529.060
829 100 4497.930 -3539.900
830 100 4151.020 -3536.790
831 100 4221.190 -3555.920
832 100 4715.820 -3548.470
833 100 4293.490 -3578.190
834 100 4922.580 -3517.360
835 100 4426.890 -3619.680
836 100 4758.080 -3596.620
837 100 4704.850 -3632.010
838 100 4662.760 -3634.580
839 100 4145.210 -3608.520
840 100 4221.420 -3669.190
841 100 4370.520 -3658.240
842 100 4943.010 -3579.440
843 100 4890.520 -3605.900
844 100 4956.310 -3649.190
845 100 5004.120 -3690.150
846 100 4866.650 -3712.920
847 100 4131.550 -3689.010
848 100 4469.990 -3665.170
849 100 4430.560 -3723.270
850 100 4622.240 -3664.790
851 100 4643.640 -3721.570
852 100 4741.700 -3740.310
853 100 4701.540 -3757.000
854 100 5071.130 -3605.460
855 100 4644.490 -3772.300
856 100 4796.200 -3741.100
857 100 4847.640 -3814.560
858 100 4463.060 -3794.170
859 100 4506.630 -3820.800
860 100 4607.410 -3796.670
861 100 4735.420 -3842.590
862 100 4614.370 -3862.460
863 100 4560.930 -3871.900
864 100 4591.860 -3923.200
865 100 4393.640 -3857.050
866 100 4475.950 -3869.740
867 100 4920.210 -3841.990
868 100 4868.390 -3866.420
869 100 4806.930 -3908.500
870 100 4886.470 -3926.280
871 100 4717.170 -3911.380
872 100 4679.340 -3932.030
873 100 4972.100 -3846.490
874 100 5025.790 -3844.910
875 100 5079.330 -3832.260
876 100 5058.310 -3880.120
877 100 4351.920 -3886.290
878 100 4414.620 -3935.420
879 100 4347.920 -3947.540
880 100 4495.800 -3977.700
881 100 4703.380 -4004.000
882 100 4431.360 -3993.560
883 100 4289.980 -4004.980
884 100 4245.580 -4012.860
885 100 4938.990 -3288.030
886 100 4972.830 -3330.330
887 100 4937.550 -3361.500
888 100 5052.110 -3180.960
889 100 5061.000 -3244.650
890 100 4204.420 -3940.760
891 100 5098.360 -3264.030
892 100 5183.110 -3207.450
893 100 5255.300 -3215.780
894 100 5255.380 -3261.060
895 100 5166.610 -3274.480
896 100 5277.780 -3310.910
897 100 5727.100 -3231.440
898 100 5655.620 -3216.960
899 100 5814.630 -3247.950
900 100 5663.100 -3334.470
901 100 5310.030 -3361.030
902 100 5398.430 -3263.270
903 100 5429.430 -3274.560
904 100 5403.980 -3319.790
905 100 5469.660 -3337.610
906 100 5441.200 -3343.080
907 100 5427.260 -3378.950
908 100 5103.100 -3391.430
909 100 5521.770 -3345.270
910 100 5341.400 -3419.430
911 100 5474.950 -3431.050
912 100 5596.100 -3363.450
913 100 5247.190 -3456.420
914 100 5460.750 -3488.940
915 100 5159.580 -3432.430
916 100 5063.700 -3434.800
917 100 5271.290 -3509.110
918 100 5514.290 -3498.040
919 100 5089.210 -3519.290
920 100 5275.470 -3556.840
921 100 5580.590 -3510.480
922 100 5272.010 -3600.170
923 100 5293.500 -3628.340
924 100 5120.830 -3582.550
925 100 5220.740 -3666.230
926 100 5324.250 -3673.610
927 100 5185.780 -3657.980
928 100 5083.600 -3688.430
929 100 5287.320 -3688.850
930 100 5306.920 -3737.770
931 100 5172.940 -3734.820
932 100 5427.220 -3661.820
933 100 5454.910 -3704.060
934 100 5414.850 -3747.880
935 100 5469.640 -3758.480
936 100 5084.010 -3781.270
937 100 5415.250 -3791.240
938 100 5179.230 -3806.220
939 100 5141.570 -3820.990
940 100 5271.520 -3822.440
941 100 5458.830 -3864.190
942 100 5650.090 -3771.420
943 100 5702.620 -3811.920
944 100 5632.130 -3691.970
945 100 5690.640 -3713.470
946 100 5435.000 -3884.220
947 100 5360.330 -3890.430
948 100 5762.600 -3708.460
949 100 5801.620 -3823.970
950 100 5749.630 -3902.470
951 100 5287.600 -3883.960
952 100 5523.020 -3921.520
953 100 5450.050 -3932.730
954 100 5388.490 -3942.510
955 100 5468.900 -3975.990
956 100 5144.620 -3967.610
957 100 5201.620 -3940.310
958 100 5292.540 -3971.690
959 100 5893.610 -3909.940
960 100 5901.590 -4027.930
961 100 5543.320 -3988.180
962 100 5772.630 -3967.450
963 100 5875.630 -3269.930
964 100 5648.090 -3479.470
965 100 5840.100 -3429.450
966 100 5904.120 -3492.480
967 100 5630.620 -3565.980
968 100 2911.440 -62.500
969 100 2901.250 -104.030
970 100 2870.710 -173.640
971 100 2776.600 -237.770
972 100 2912.080 -240.050
973 100 2427.860 -227.910
974 100 2451.960 -279.870
975 100 2662.380 -274.300
976 100 2750.660 -322.740
977 100 2826.530 -351.530
978 100 2945.040 -280.090
979 100 2258.970 -241.600
980 100 2207.530 -260.530
981 100 2695.810 -340.900
982 100 3055.470 -327.700
983 100 2827.490 -401.220
984 100 3127.270 -283.010
985 100 2786.310 -450.280
986 100 2150.220 -517.270
987 100 2207.930 -547.640
988 100 2773.880 -547.580
989 100 2878.530 -524.360
990 100 2854.010 -573.480
991 100 2703.960 -612.490
992 100 2838.060 -636.100
993 100 2263.720 -578.880
994 100 2306.360 -611.880
995 100 2228.200 -650.960
996 100 2245.970 -691.300
997 100 2412.670 -584.550
998 100 2304.610 -743.300
999 100 2202.420 -760.100
1000 100 2254.050 -772.840
1001 100 2739.490 -685.280
1002 100 2678.110 -710.620
1003 100 2689.430 -784.350
1004 100 2724.530 -791.860
1005 100 2506.380 -710.060
1006 100 2565.220 -717.530
1007 100 2529.350 -773.810
1008 100 2466.940 -615.550
1009 100 2631.290 -825.330
1010 100 2983.880 -746.530
1011 100 2883.050 -758.870
1012 100 2937.060 -762.630
1013 100 3001.230 -666.380
1014 100 2930.890 -676.860
1015 100 2977.340 -826.990
1016 100 2785.520 -821.340
1017 100 2170.150 -833.090
1018 100 2632.980 -880.380
1019 100 2537.810 -927.560
1020 100 2875.860 -886.310
1021 100 2803.080 -885.710
1022 100 2469.100 -927.470
1023 100 2461.090 -972.820
1024 100 2651.650 -461.870
1025 100 2593.590 -481.250
1026 100 2626.420 -523.490
1027 100 2994.110 -539.510
1028 100 2958.710 -583.380
1029 100 3059.570 -640.130
1030 100 3139.300 -624.770
1031 100 2157.010 -915.100
1032 100 3438.870 -232.570
1033 100 3421.800 -111.260
1034 100 3512.350 -167.850
1035 100 3422.330 -168.470
1036 100 3375.550 -213.190
1037 100 3320.630 -320.970
1038 100 3352.060 -425.290
1039 100 3254.480 -275.230
1040 100 3226.130 -386.490
1041 100 3914.690 -336.650
1042 100 3954.630 -241.970
1043 100 3873.440 -293.130
1044 100 3958.150 -354.990
1045 100 3843.650 -394.100
1046 100 3867.700 -445.650
1047 100 3244.170 -449.580
1048 100 3411.430 -457.630
1049 100 3471.880 -428.200
1050 100 3305.790 -448.970
1051 100 3371.470 -524.210
1052 100 3245.840 -572.310
1053 100 3532.620 -466.470
1054 100 3454.200 -590.550
1055 100 3408.970 -654.030
1056 100 3666.350 -611.650
1057 100 3689.590 -491.720
1058 100 3594.210 -545.970
1059 100 3614.700 -604.840
1060 100 3753.650 -622.440
1061 100 3590.050 -647.710
1062 100 3638.330 -699.700
1063 100 3248.530 -641.870
1064 100 3341.550 -723.480
1065 100 3196.650 -738.790
1066 100 3418.470 -721.920
1067 100 3483.950 -757.980
1068 100 3490.270 -809.580
1069 100 3361.880 -849.260
1070 100 3164.670 -841.890
1071 100 3134.130 -773.420
1072 100 3122.740 -895.890
1073 100 3852.820 -901.550
1074 100 3930.250 -836.580
1075 100 3937.930 -882.900
1076 100 3793.780 -882.450
1077 100 3831.890 -1007.720
1078 100 3850.120 -101.520
1079 100 3733.030 -147.620
1080 100 3918.240 -164.040
1081 100 3831.040 -183.180
1082 100 3606.840 -149.090
1083 100 3684.910 -183.710
1084 100 3610.410 -218.350
1085 100 3641.010 -254.790
1086 100 3803.260 -230.340
1087 100 3754.470 -261.070
1088 100 3776.550 -349.960
1089 100 3786.020 -398.930
1090 100 3581.860 -402.460
1091 100 3579.580 -496.970
1092 100 3973.690 -562.290
1093 100 4081.050 -529.820
1094 100 4056.970 -490.620
1095 100 4036.670 -571.340
1096 100 3789.960 -680.960
1097 100 3703.640 -735.900
1098 100 3571.390 -770.310
1099 100 3656.630 -764.190
1100 100 3717.030 -796.370
1101 100 3926.810 -743.970
1102 100 4021.910 -775.820
1103 100 3594.430 -829.100
1104 100 3313.490 -874.530
1105 100 3354.890 -958.530
1106 100 4037.450 -915.820
1107 100 3434.640 -971.470
1108 100 3382.740 -1050.240
1109 100 3500.390 -1053.430
1110 100 3449.470 -1077.730
1111 100 3679.020 -978.330
1112 100 3577.010 -1031.970
1113 100 3634.930 -1031.140
1114 100 3646.620 -1066.590
1115 100 3911.400 -1066.160
1116 100 3818.860 -1122.680
1117 100 3882.510 -1119.210
1118 100 4292.120 -247.760
1119 100 4399.830 -303.390
1120 100 4256.730 -356.530
1121 100 4754.970 -287.660
1122 100 4712.660 -206.380
1123 100 4738.690 -386.260
1124 100 4347.390 -365.200
1125 100 4404.670 -358.870
1126 100 4157.880 -328.870
1127 100 4167.350 -449.740
1128 100 4120.960 -346.920
1129 100 4131.740 -448.330
1130 100 4259.100 -489.390
1131 100 4209.400 -533.660
1132 100 4097.730 -597.140
1133 100 4120.160 -624.620
1134 100 4429.740 -569.670
1135 100 4446.150 -634.070
1136 100 4378.000 -670.790
1137 100 4495.660 -525.130
1138 100 4759.090 -612.610
1139 100 4767.880 -544.040
1140 100 4726.110 -723.030
1141 100 4380.590 -736.810
1142 100 4306.820 -693.200
1143 100 4497.600 -857.630
1144 100 4522.500 -794.110
1145 100 4724.940 -148.830
1146 100 4681.060 -411.290
1147 100 4755.360 -473.550
1148 100 4611.080 -439.030
1149 100 4528.050 -460.460
1150 100 4066.650 -657.670
1151 100 4120.830 -733.340
1152 100 4266.260 -744.090
1153 100 4682.560 -776.230
1154 100 4221.890 -792.970
1155 100 4178.370 -828.170
1156 100 4101.740 -844.070
1157 100 4593.620 -746.160
1158 100 4716.920 -869.410
1159 100 4142.280 -941.310
1160 100 4779.940 -915.960
1161 100 4103.400 -987.650
1162 100 4012.350 -1037.660
1163 100 973.010 -1121.080
1164 100 958.580 -1211.810
1165 100 890.300 -1148.320
1166 100 1025.580 -1180.670
1167 100 1039.930 -1222.410
1168 100 562.610 -1410.340
1169 100 582.310 -1494.040
1170 100 656.410 -1500.260
1171 100 646.800 -1730.050
1172 100 677.120 -1771.590
1173 100 445.230 -1124.930
1174 100 363.900 -1183.960
1175 100 785.270 -1141.560
1176 100 847.640 -1407.510
1177 100 938.440 -1426.740
1178 100 1149.510 -1522.910
1179 100 1114.130 -1518.910
1180 100 1236.340 -1495.900
1181 100 963.870 -1745.460
1182 100 886.160 -1773.710
1183 100 1723.610 -1061.950
1184 100 1754.620 -1100.900
1185 100 1709.110 -1144.260
1186 100 1486.830 -1131.930
1187 100 1467.640 -1210.340
1188 100 1812.020 -1170.070
1189 100 1676.000 -1196.870
1190 100 1572.190 -1119.790
1191 100 1644.240 -1165.620
1192 100 1531.900 -1199.540
1193 100 1809.920 -1219.020
1194 100 1710.970 -1263.180
1195 100 1972.210 -1155.810
1196 100 2021.850 -1193.830
1197 100 1588.900 -1246.390
1198 100 1211.160 -1170.900
1199 100 1284.230 -1261.210
1200 100 1820.920 -1285.510
1201 100 2063.260 -1277.990
1202 100 1676.290 -1313.180
1203 100 1431.240 -1255.550
1204 100 1492.410 -1281.620
1205 100 1909.740 -1288.200
1206 100 1870.330 -1329.880
1207 100 1585.500 -1331.790
1208 100 1588.390 -1372.170
1209 100 1434.400 -1348.310
1210 100 1369.340 -1357.390
1211 100 1296.840 -1299.690
1212 100 1259.650 -1337.500
1213 100 1298.140 -1380.190
1214 100 1749.260 -1338.250
1215 100 1729.830 -1381.200
1216 100 1976.170 -1339.460
1217 100 2054.740 -1384.100
1218 100 1906.010 -1351.940
1219 100 1774.880 -1399.090
1220 100 1694.240 -1437.980
1221 100 1963.430 -1435.210
1222 100 1355.320 -1436.100
1223 100 1466.210 -1462.040
1224 100 1602.720 -1489.320
1225 100 1720.350 -1479.180
1226 100 1296.880 -1479.780
1227 100 1348.900 -1493.290
1228 100 1829.080 -1468.030
1229 100 1413.430 -1550.800
1230 100 1883.880 -1482.490
1231 100 1900.630 -1520.600
1232 100 1771.180 -1566.350
1233 100 1699.260 -1576.640
1234 100 1324.980 -1595.700
1235 100 1418.810 -1587.790
1236 100 2005.780 -1570.330
1237 100 2000.360 -1536.430
1238 100 1925.750 -1646.500
1239 100 2036.400 -1641.660
1240 100 1989.280 -1696.140
1241 100 1537.710 -1579.640
1242 100 1588.350 -1599.260
1243 100 1642.360 -1638.660
1244 100 1578.890 -1640.240
1245 100 1412.380 -1705.480
1246 100 1268.720 -1625.460
1247 100 1475.450 -1773.650
1248 100 1591.440 -1760.980
1249 100 1560.940 -1741.620
1250 100 1715.870 -1761.750
1251 100 1578.340 -1882.830
1252 100 1248.970 -1794.640
1253 100 1221.300 -1851.120
1254 100 1984.380 -1855.610
1255 100 1908.430 -1812.360
1256 100 1883.310 -1884.090
1257 100 2099.550 -1896.710
1258 100 1626.210 -1900.390
1259 100 1654.530 -1944.920
1260 100 1737.630 -1919.900
1261 100 1486.790 -1968.880
1262 100 1774.230 -1606.420
1263 100 1711.940 -1704.430
1264 100 1870.430 -1698.710
1265 100 1891.510 -1761.670
1266 100 1829.740 -1798.650
1267 100 1766.780 -1820.200
1268 100 1798.540 -1879.840
1269 100 2678.820 -1069.360
1270 100 2751.260 -1072.240
1271 100 2709.070 -1096.020
1272 100 2614.910 -1106.810
1273 100 2778.180 -1117.770
1274 100 2736.140 -1125.730
1275 100 2628.220 -1149.370
1276 100 2667.780 -1140.990
1277 100 2827.120 -1123.410
1278 100 2644.940 -1205.760
1279 100 2938.340 -1109.520
1280 100 3005.000 -1177.640
1281 100 2889.910 -1212.230
1282 100 2543.830 -1126.200
1283 100 2497.670 -1154.410
1284 100 3113.090 -1142.570
1285 100 3115.510 -1193.160
1286 100 3078.870 -1248.860
1287 100 2651.490 -1242.960
1288 100 2419.460 -1235.230
1289 100 2464.530 -1266.080
1290 100 2316.590 -1163.080
1291 100 2369.760 -1201.640
1292 100 2366.750 -1269.540
1293 100 2983.880 -1294.860
1294 100 3135.860 -1291.080
1295 100 2714.490 -1288.440
1296 100 2832.770 -1300.530
1297 100 2886.730 -1300.760
1298 100 2499.190 -1309.920
1299 100 2664.790 -1343.880
1300 100 3079.480 -1318.340
1301 100 2376.740 -1371.100
1302 100 2759.850 -1378.320
1303 100 3005.470 -1404.050
1304 100 2594.070 -1380.180
1305 100 2445.610 -1392.430
1306 100 2511.910 -1402.690
1307 100 2649.710 -1470.470
1308 100 2270.870 -1381.510
1309 100 2305.650 -1406.570
1310 100 2455.240 -1443.790
1311 100 2383.500 -1463.720
1312 100 2336.480 -1491.810
1313 100 2547.540 -1482.870
1314 100 2792.570 -1499.180
1315 100 2244.730 -1485.370
1316 100 2491.210 -1493.450
1317 100 2392.340 -1547.210
1318 100 2311.230 -1554.040
1319 100 2439.710 -1571.920
1320 100 2892.200 -1470.270
1321 100 2592.610 -1511.940
1322 100 2595.720 -1568.420
1323 100 2688.130 -1580.430
1324 100 2541.420 -1553.450
1325 100 2534.090 -1586.050
1326 100 2745.480 -1567.140
1327 100 2355.360 -1596.930
1328 100 2545.740 -1625.470
1329 100 2393.880 -1607.200
1330 100 2430.630 -1626.600
1331 100 2379.870 -1669.320
1332 100 2343.310 -1674.650
1333 100 2468.280 -1654.620
1334 100 2776.160 -1627.300
1335 100 2494.710 -1681.450
1336 100 2695.410 -1687.000
1337 100 2278.290 -1689.420
1338 100 2977.540 -1602.480
1339 100 2914.400 -1650.150
1340 100 2994.560 -1707.610
1341 100 2618.300 -1715.110
1342 100 2763.260 -1725.630
1343 100 2877.500 -1760.000
1344 100 2561.970 -1775.670
1345 100 2472.330 -1785.600
1346 100 2343.720 -1738.520
1347 100 3140.650 -1672.890
1348 100 3123.350 -1721.130
1349 100 3095.090 -1778.540
1350 100 2280.580 -1763.170
1351 100 2647.890 -1741.070
1352 100 2688.420 -1798.120
1353 100 2605.150 -1833.320
1354 100 2823.150 -1794.720
1355 100 2764.560 -1820.550
1356 100 2419.680 -1820.640
1357 100 2369.570 -1854.140
1358 100 2261.120 -1854.190
1359 100 2999.020 -1797.540
1360 100 2809.040 -1849.050
1361 100 2931.770 -1856.840
1362 100 2888.250 -1849.790
1363 100 2402.930 -1871.300
1364 100 3026.840 -1855.500
1365 100 3009.270 -1917.910
1366 100 2761.300 -1881.220
1367 100 2807.200 -1926.880
1368 100 2750.380 -1942.420
1369 100 2487.620 -1912.680
1370 100 2588.830 -1912.980
1371 100 2317.510 -1899.890
1372 100 2436.810 -1969.940
1373 100 2693.830 -1958.950
1374 100 2561.910 -1962.190
1375 100 3155.180 -1799.590
1376 100 3171.600 -1858.640
1377 100 3103.290 -1873.990
1378 100 3139.430 -1954.010
1379 100 3062.320 -1977.970
1380 100 3522.840 -1132.150
1381 100 3940.640 -1105.890
1382 100 4080.020 -1123.110
1383 100 4020.600 -1146.240
1384 100 3329.280 -1088.920
1385 100 3284.410 -1119.920
1386 100 3938.850 -1162.940
1387 100 3640.270 -1159.470
1388 100 3600.030 -1177.330
1389 100 3312.160 -1191.230
1390 100 3739.320 -1188.220
1391 100 4100.510 -1157.720
1392 100 4159.480 -1174.910
1393 100 3530.160 -1185.310
1394 100 3539.860 -1233.700
1395 100 3998.850 -1225.110
1396 100 3654.840 -1253.780
1397 100 4169.890 -1263.200
1398 100 3882.300 -1259.630
1399 100 3436.890 -1234.050
1400 100 3491.000 -1287.720
1401 100 3272.370 -1250.500
1402 100 3676.470 -1297.760
1403 100 4009.510 -1281.900
1404 100 4060.770 -1306.740
1405 100 3403.850 -1326.440
1406 100 3285.720 -1346.510
1407 100 3889.100 -1381.140
1408 100 4126.770 -1342.210
1409 100 4023.110 -1381.140
1410 100 4080.850 -1381.860
1411 100 3504.120 -1388.070
1412 100 3616.280 -1386.200
1413 100 3676.970 -1382.740
1414 100 4142.170 -1400.930
1415 100 4160.800 -1464.070
1416 100 3304.430 -1410.550
1417 100 3301.990 -1462.610
1418 100 4055.910 -1462.780
1419 100 3989.280 -1487.960
1420 100 3878.090 -1438.600
1421 100 3921.220 -1480.490
1422 100 3707.720 -1423.310
1423 100 3614.300 -1426.050
1424 100 3558.720 -1496.120
1425 100 3626.330 -1497.320
1426 100 3721.710 -1469.490
1427 100 3461.830 -1444.570
1428 100 3409.440 -1480.050
1429 100 3269.990 -1515.530
1430 100 3568.150 -1541.120
1431 100 3647.100 -1541.980
1432 100 3931.100 -1516.670
1433 100 3830.350 -1552.320
1434 100 4071.880 -1511.730
1435 100 4131.700 -1575.060
1436 100 3736.040 -1563.970
1437 100 3896.150 -1569.950
1438 100 3983.120 -1578.130
1439 100 3876.810 -1592.990
1440 100 3934.750 -1592.840
1441 100 3509.720 -1523.490
1442 100 3890.350 -1629.180
1443 100 4085.030 -1599.890
1444 100 4050.830 -1623.000
1445 100 3610.260 -1646.120
1446 100 3685.290 -1626.580
1447 100 3789.900 -1630.070
1448 100 4001.890 -1636.840
1449 100 4158.680 -1620.850
1450 100 4103.270 -1657.240
1451 100 4055.220 -1674.000
1452 100 3815.910 -1696.600
1453 100 4091.230 -1727.900
1454 100 4014.110 -1706.650
1455 100 3282.820 -1659.680
1456 100 3296.740 -1729.800
1457 100 3357.420 -1665.040
1458 100 3309.640 -1772.610
1459 100 4015.220 -1782.120
1460 100 3398.190 -1791.530
1461 100 3732.260 -1731.020
1462 100 3771.770 -1846.960
1463 100 3779.140 -1719.180
1464 100 3641.800 -1734.420
1465 100 3714.390 -1765.860
1466 100 3660.080 -1810.770
1467 100 3472.250 -1811.380
1468 100 3469.960 -1912.740
1469 100 3505.590 -1737.370
1470 100 3579.250 -1765.140
1471 100 3684.020 -1892.790
1472 100 3874.510 -1804.550
1473 100 3828.690 -1842.210
1474 100 3814.470 -1913.740
1475 100 3857.130 -1930.010
1476 100 4100.000 -1844.040
1477 100 4179.110 -1873.490
1478 100 4142.180 -1799.270
1479 100 3976.970 -1819.980
1480 100 4065.800 -1821.750
1481 100 4036.620 -1845.630
1482 100 4015.010 -1913.480
1483 100 4289.310 -1902.820
1484 100 3639.950 -1913.440
1485 100 3661.540 -1955.960
1486 100 3279.750 -1933.310
1487 100 3419.560 -1557.320
1488 100 3432.450 -1617.310
1489 100 3586.940 -1721.920
1490 100 3907.000 -1867.850
1491 100 4715.720 -1177.030
1492 100 4694.900 -1295.800
1493 100 4422.910 -1200.200
1494 100 4348.450 -1286.870
1495 100 4376.820 -1167.520
1496 100 4537.100 -1235.830
1497 100 4387.110 -1315.100
1498 100 4435.130 -1314.900
1499 100 4613.670 -1258.160
1500 100 4504.150 -1300.250
1501 100 4597.400 -1318.540
1502 100 4865.260 -1268.780
1503 100 4936.980 -1215.160
1504 100 4985.600 -1230.190
1505 100 4834.830 -1342.360
1506 100 4305.180 -1294.790
1507 100 4309.700 -1369.880
1508 100 4397.380 -1395.570
1509 100 5010.600 -1504.320
1510 100 5033.530 -1553.020
1511 100 4990.500 -1384.100
1512 100 4959.510 -1447.570
1513 100 4961.580 -1519.370
1514 100 4922.880 -1570.850
1515 100 5010.980 -1628.540
1516 100 4871.620 -1886.440
1517 100 4892.570 -1944.460
1518 100 4341.460 -1892.270
1519 100 4449.040 -1955.400
1520 100 4408.920 -1786.290
1521 100 4336.090 -1802.670
1522 100 4300.920 -1972.840
1523 100 4565.110 -1942.990
1524 100 5067.810 -1989.780
1525 100 4962.250 -1125.350
1526 100 5088.190 -1199.410
1527 100 5174.960 -1213.450
1528 100 5029.600 -1266.310
1529 100 4666.000 -1380.300
1530 100 4623.470 -1402.470
1531 100 4896.030 -1398.430
1532 100 4859.270 -1434.980
1533 100 4638.300 -1478.450
1534 100 4664.960 -1483.720
1535 100 4471.880 -1448.590
1536 100 4328.400 -1498.480
1537 100 4360.960 -1509.730
1538 100 4648.080 -1522.240
1539 100 4695.760 -1509.810
1540 100 4731.430 -1556.530
1541 100 4765.660 -1527.780
1542 100 4709.910 -1587.660
1543 100 4313.120 -1542.410
1544 100 4759.070 -1572.110
1545 100 4579.370 -1603.830
1546 100 4756.450 -1629.680
1547 100 4325.020 -1651.880
1548 100 4775.730 -1683.020
1549 100 4870.960 -1663.970
1550 100 4681.720 -1704.610
1551 100 4455.820 -1599.430
1552 100 4508.290 -1618.850
1553 100 4549.110 -1664.970
1554 100 4457.070 -1656.470
1555 100 4402.900 -1662.230
1556 100 4983.190 -1701.580
1557 100 5036.730 -1746.190
1558 100 4793.920 -1740.670
1559 100 4749.090 -1754.450
1560 100 4331.850 -1748.860
1561 100 4606.420 -1730.900
1562 100 4573.240 -1787.320
1563 100 4709.000 -1748.910
1564 100 4730.080 -1793.500
1565 100 5124.000 -1728.060
1566 100 5191.050 -1767.310
1567 100 5070.860 -1842.170
1568 100 4491.940 -1811.750
1569 100 4543.200 -1852.030
1570 100 4711.580 -1993.070
1571 100 675.080 -37.330
1572 100 926.420 -675.880
1573 100 414.500 -688.670
1574 100 472.450 -952.830
1575 100 923.510 -269.400
1576 100 1786.130 -33.010
1577 100 1132.310 -130.680
1578 100 951.680 -2133.250
1579 100 3768.410 -2068.650
1580 100 3998.000 -2899.800
1581 100 1537.440 -3317.270
1582 100 1708.900 -3736.260
1583 100 1516.420 -3849.670
1584 100 2350.030 -3070.670
1585 100 2594.760 -105.890
1586 100 4368.560 -138.730
1587 100 4606.120 -614.210
1588 100 4343.660 -936.580
1589 100 4469.140 -986.330
1590 100 4882.360 -1009.460
1591 100 591.350 -1178.930
1592 100 1121.330 -1355.470
1593 100 1129.060 -1669.570
1594 100 1044.020 -1872.660
1595 100 1388.760 -1880.470
1596 100 5172.850 -1340.960
1597 100 5220.600 -1523.370
